13	32	2	-10	-3	-3	32	533.68
13	53	2	-10	0	0	32	242.41
13	52	2	-6	-3	-1	20	668.7
13	37	2	3	3	-1	-7	-148.05
13	37	2	9	0	-3	-25	238.07
13	52	3	-9	2	1	29	-78.24
13	37	3	-8	0	1	26	220.93
13	46	3	-6	-2	0	20	475.21
13	59	3	-4	2	-1	14	-150.42
13	56	3	-1	3	-2	5	-314.7
13	54	4	-10	3	1	32	-240.88
13	52	4	-9	-4	-2	29	853.57
13	58	4	1	-1	-1	-1	364.76
13	52	4	3	-1	-2	-7	357.88
13	31	4	5	3	-2	-13	-78.22
13	32	5	-2	-4	0	8	564.4
13	53	5	2	2	-1	-4	-122.96
13	58	5	3	4	-3	-7	-489.92
13	30	5	7	-4	1	-19	585.21
13	39	6	-10	3	0	32	-137.81
13	33	6	-9	1	1	29	106.11
13	57	6	-6	-3	1	20	700.53
13	36	6	1	2	-2	-1	-26.89
13	43	6	3	-5	1	-7	848.66
13	50	6	5	4	-2	-13	-370.67
13	56	6	6	-5	1	-16	1068.05
13	41	7	-7	-4	-1	23	669.34
13	34	7	-3	-4	0	11	582.47
13	36	7	1	-1	-3	-1	293.34
13	39	7	7	-2	1	-19	483.32
14	40	2	-9	-4	-1	29	760.94
14	34	2	-3	0	-2	11	225.31
14	44	2	0	-4	1	2	751.38
14	49	2	5	-3	-2	-13	679.19
14	56	2	5	-3	1	-13	760.28
14	54	2	8	2	1	-22	-42.74
14	30	3	-8	-3	-1	26	532.28
14	33	3	-3	2	1	11	35.2
14	53	3	-1	-4	0	5	867.08
14	39	3	-1	-4	-3	5	696.49
14	30	3	3	-3	-2	-7	501.34
14	40	3	4	1	0	-10	122.54
14	47	3	5	1	-3	-13	106.26
14	55	3	8	-2	1	-22	609.65
14	37	3	8	3	0	-22	-64.01
14	53	3	9	-2	-2	-25	605.45
14	33	4	-10	1	1	32	181.47
14	41	4	-6	-2	-3	20	489.03
14	53	4	1	-5	-3	-1	1024.63
14	32	4	4	1	-1	-10	138.02
14	47	4	7	-4	-2	-19	840.71
14	57	4	8	-3	-1	-22	800.02
14	58	4	9	-4	0	-25	1008.16
14	41	5	-8	-2	-2	26	500.5
14	58	5	-7	2	-2	23	-92.71
14	44	5	-2	2	-1	8	-37.92
14	31	5	-2	1	-1	8	127.63
14	53	5	1	-3	-1	-1	715.05
14	51	5	2	-4	-2	-4	848.87
14	34	5	3	1	0	-7	134.4
14	41	5	4	2	-1	-10	2.46
14	57	5	5	-3	-2	-13	775.21
14	33	5	9	4	1	-25	-97.47
14	51	6	-9	-1	1	29	408.14
14	44	6	-8	-1	1	26	374.38
14	44	6	-4	4	-2	14	-300.86
14	36	6	-3	-3	-1	11	537.16
14	34	6	-1	-5	-1	5	732.95
14	35	6	0	-1	0	2	328.24
14	31	6	1	-4	1	-1	593.56
14	33	6	7	4	-3	-19	-109.69
14	52	7	-8	-4	-1	26	870.52
14	39	7	-7	-4	1	23	688.87
14	40	7	-1	4	-2	5	-263.63
14	43	7	-1	1	1	5	95.08
14	58	7	6	4	-3	-16	-404.39
15	41	2	-10	1	-1	32	216.92
15	45	2	-3	0	-3	11	277.73
15	35	2	-2	3	-2	8	-41.75
15	53	2	8	3	0	-22	-165.99
15	37	2	8	-5	-2	-22	869.22
15	39	3	2	-4	-2	-4	733.36
15	38	3	4	-2	0	-10	516.08
15	35	3	4	-3	-1	-10	600.71
15	52	3	5	-4	-2	-13	911.17
15	52	3	9	-4	0	-25	966.95
15	39	4	-7	-1	-1	23	400.48
15	52	4	-7	-4	-2	23	919.86
15	57	4	-5	3	1	17	-233.2
15	44	4	-4	-4	-3	14	803.76
15	56	4	0	4	0	2	-403.66
15	51	4	0	1	1	2	114.6
15	31	4	3	4	-1	-7	-106.08
15	41	5	-9	4	-2	29	-179.78
15	48	5	-6	1	0	20	136.5
15	43	5	-4	-5	-1	14	912.33
15	39	5	-2	3	-2	8	-92.71
15	34	6	-7	0	-2	23	271.57
15	32	6	0	4	1	2	-136.75
15	37	6	0	-5	-1	2	818.78
15	35	6	5	3	0	-13	-22.91
15	35	6	6	-2	1	-16	517.33
15	34	6	6	-4	-2	-16	717.18
15	49	6	8	1	-2	-22	194.73
15	50	7	-10	-2	-1	32	603.82
15	49	7	-8	-4	1	26	863.23
15	35	7	-6	2	-2	20	52.64
15	56	7	-4	1	-1	14	95.06
15	32	7	-3	-3	-3	11	540.99
15	44	7	-2	0	-2	8	255.56
15	41	7	3	3	0	-7	-73.21
15	35	7	8	-4	-1	-22	773.06
16	31	3	-9	-1	1	29	450.09
16	57	3	-9	-3	-1	29	878.94
16	34	3	-9	-2	1	29	566.74
16	53	3	-8	4	-3	26	-282.66
16	35	3	-7	-2	-3	23	537.09
16	42	3	-6	-4	-2	20	825.03
16	48	3	-4	-1	1	14	451.24
16	50	3	0	4	-1	2	-301.32
16	37	3	1	-3	1	-1	631.11
16	45	3	1	4	-1	-1	-239.66
16	51	3	1	-4	1	-1	913
16	32	3	1	-5	1	-1	778.95
16	32	3	3	4	1	-7	-71.59
16	57	3	5	-5	-1	-13	1188.2
16	41	3	6	-4	-2	-16	820.84
16	34	3	9	1	-3	-25	268.98
16	49	4	-9	-5	-1	29	1100.5
16	36	4	-7	-4	0	23	758.6
16	36	4	-6	3	-2	20	-2.8
16	47	4	-5	-2	-1	17	590.21
16	54	4	1	-3	1	-1	795.44
16	30	4	1	1	-1	-1	217.37
16	57	4	1	4	1	-1	-371.28
16	40	4	3	0	-2	-7	310.5
16	42	4	6	-1	-1	-16	468.29
16	55	5	-10	-5	0	32	1198.17
16	31	5	-8	-3	-3	26	601.19
16	49	5	-5	2	0	17	15.37
16	32	5	-4	4	-3	14	-92.88
16	30	5	0	-1	-3	2	388.3
16	58	5	0	-5	-1	2	1175.18
16	31	5	7	0	-1	-19	359.17
16	47	6	-10	-2	1	32	643.13
16	54	6	-8	2	-2	26	7.76
16	37	6	-5	2	-1	17	70.93
16	56	6	-2	-3	-3	8	804.69
16	32	6	3	1	0	-7	209.76
16	41	6	6	-2	-1	-16	592.24
16	49	6	6	-3	1	-16	784.43
16	38	6	7	-4	0	-19	820.4
16	49	7	-10	-1	-3	32	483.34
16	47	7	-9	3	-2	29	-103.04
16	36	7	-9	0	-3	29	327.25
16	30	7	-8	4	-1	26	-50.99
16	41	7	-4	0	0	14	297.78
16	54	7	-3	-5	0	11	1109.14
16	31	7	-1	2	-1	5	104.51
16	31	7	3	0	-2	-7	317.6
16	58	7	6	-3	-2	-16	878.69
17	36	2	-10	1	1	32	296.59
17	53	2	-10	1	-2	32	259.1
17	40	2	-10	-5	1	32	1013.38
17	43	2	-8	-2	-1	26	645.17
17	48	2	-3	-4	-3	11	908.11
17	53	2	-2	2	-3	8	19.38
17	38	3	-10	1	-2	32	288.57
17	30	3	-9	2	-1	29	206.94
17	38	3	-9	1	-3	29	275.82
17	57	3	-8	4	0	26	-311.68
17	56	3	-7	4	-3	23	-301.84
17	52	3	-6	2	1	20	39.83
17	51	3	-4	3	-3	14	-117.43
17	31	3	-3	-3	-3	11	608.85
17	57	4	-6	-2	1	20	700.36
17	58	4	-3	2	-3	11	-11.48
17	51	4	-1	1	-1	5	176.03
17	45	4	0	2	-2	2	62.49
17	39	4	1	3	-1	-1	-15.37
17	32	4	5	-2	-1	-13	547.72
17	56	4	5	-2	-2	-13	700.8
17	51	5	-10	4	-1	32	-213.94
17	46	5	-9	4	0	29	-177.65
17	32	5	-4	1	0	14	229.94
17	41	5	1	3	1	-1	-31.22
17	48	5	2	4	0	-4	-242.67
17	46	5	2	-1	-3	-4	484.6
17	36	5	3	3	0	-7	16.55
17	49	5	5	3	-2	-13	-80.3
17	50	6	-9	-1	1	29	517.11
17	36	6	-8	-1	-2	26	461.92
17	51	6	-4	4	0	14	-279.42
17	56	6	-4	4	-3	14	-342.99
17	39	6	-2	-1	-3	8	435.78
17	47	6	3	-4	1	-7	919.46
17	32	6	5	4	-3	-13	-24.4
17	38	6	6	2	-3	-16	147.64
17	30	6	7	-1	0	-19	481.58
17	57	7	-7	-2	-1	23	685.03
17	54	7	-6	0	-3	20	328.62
17	37	7	-3	2	-2	11	100.29
17	42	7	0	-2	-1	2	581.96
17	54	7	0	1	-3	2	180.51
17	37	7	1	-2	-1	-1	560.35
17	58	7	2	4	-3	-4	-353.7
17	51	7	2	4	-1	-4	-272.75
17	54	7	3	-1	-2	-7	510.55
17	51	7	5	-1	-3	-13	534.23
17	48	7	5	-4	1	-13	943.16
17	59	7	8	0	0	-22	426.62
18	43	2	-6	-3	1	20	754.81
18	55	2	-2	1	-3	8	180.33
18	45	2	2	4	0	-4	-192.18
18	39	2	6	-1	1	-16	491.82
18	59	2	9	4	-3	-25	-274.38
18	49	3	-10	-5	-1	32	1159.05
18	36	3	-7	-4	-3	23	811.74
18	37	3	-7	-4	-1	23	820.64
18	44	3	-1	-2	-2	5	598.48
18	49	3	0	3	-1	2	-104.19
18	31	3	1	2	-3	-1	151.4
18	43	3	4	1	1	-10	225.32
18	50	3	8	0	-2	-22	412.12
18	53	3	9	-3	-2	-25	901.96
18	47	4	-10	-2	-2	32	703.39
18	47	4	-9	-4	0	29	973.5
18	30	4	-6	2	-2	20	184.36
18	39	4	-6	0	-2	20	368.92
18	44	4	-5	3	-3	17	-47.25
18	54	4	-4	-4	1	14	1005.67
18	42	4	0	3	0	2	-30.16
18	45	4	0	-5	-2	2	1014.66
18	52	4	8	1	-3	-22	268.77
18	34	5	-6	1	-2	20	250.63
18	49	5	0	-3	1	2	780.5
18	47	5	1	-5	-2	-1	1046.44
18	55	5	3	2	1	-7	38.15
18	49	5	9	-3	-2	-25	879.99
18	49	6	2	-2	1	-4	640.86
18	38	6	6	4	-3	-16	-66.7
18	53	6	7	-5	-1	-19	1217.89
18	45	6	8	2	-1	-22	161.27
18	38	7	-4	2	1	14	97.46
18	51	7	-1	-1	-3	5	490.33
18	33	7	0	4	1	2	-60.22
18	54	7	3	4	-2	-7	-276.93
18	31	7	5	-2	-1	-13	570.02
18	56	7	7	4	0	-19	-247.73
18	55	7	8	2	-3	-22	115.1
19	30	2	-8	-3	0	26	667.25
19	59	2	-1	2	1	5	2.39
19	46	2	0	1	0	2	205.62
19	41	2	3	-5	-1	-7	971.04
19	52	2	7	1	-1	-19	241.64
19	31	2	8	-5	1	-22	875.25
19	54	3	-10	3	-3	32	-50.09
19	42	3	-9	1	-3	29	284.47
19	57	3	-7	-2	-3	23	723.46
19	54	3	-3	4	-1	11	-298.87
19	45	3	-2	2	-1	8	70.58
19	52	3	-1	-5	-2	5	1126.55
19	42	3	2	1	-1	-4	223.16
19	43	4	-10	3	-3	32	40.75
19	41	4	-10	3	-3	32	59.04
19	35	4	-9	-2	-1	29	617.38
19	58	4	-7	-2	-2	23	731.42
19	33	4	-7	-2	-1	23	570.98
19	42	4	-1	-1	0	5	470.43
19	48	4	3	-4	-2	-7	938.3
19	47	4	6	-3	-2	-16	810.69
19	30	4	7	-2	-2	-19	578.62
19	53	4	8	-2	-1	-22	746.25
19	42	5	-9	-4	1	29	913.22
19	57	5	-2	-5	-1	8	1195.92
19	31	5	3	-3	-1	-7	643.24
19	35	5	5	-3	-1	-13	684.52
19	53	6	-10	3	0	32	-70.01
19	34	6	-10	-2	-2	32	595.88
19	45	6	-3	0	-3	11	335.84
19	33	6	2	4	-2	-4	-39.22
19	32	6	2	4	0	-4	-32.78
19	49	6	4	-2	-3	-10	668.87
19	47	6	5	0	1	-13	389.29
19	40	6	6	-4	0	-16	874.35
19	58	6	8	-2	-1	-22	796.64
19	35	7	-10	-1	-1	32	495.22
19	42	7	-6	3	-2	20	-28.63
19	45	7	-5	3	-3	17	-57.94
19	55	7	-4	1	-3	14	172.47
19	38	7	-1	-1	-1	5	457.79
19	55	7	5	4	-2	-13	-258.81
19	55	7	8	0	0	-22	456.95
20	48	2	-4	3	-1	14	-82.26
20	30	2	-1	4	-2	5	-34.46
20	35	2	-1	-5	-2	5	848.48
20	40	3	-9	-4	-2	29	886.07
20	46	3	-6	4	-2	20	-187.42
20	59	3	-2	-5	-2	8	1222.11
20	30	3	-1	4	1	5	-35.64
20	52	3	6	0	-1	-16	369.59
20	58	3	8	2	1	-22	64.42
20	40	3	8	-1	1	-22	521.14
20	30	3	9	1	1	-25	320.77
20	30	4	-9	0	1	29	389.67
20	53	4	-8	-2	1	26	701.83
20	39	4	-6	2	0	20	123.11
20	54	4	-1	-1	-3	5	487
20	57	4	3	3	-1	-7	-152.26
20	31	5	-9	1	-2	29	288.99
20	58	5	-9	-5	-1	29	1267.02
20	42	5	-5	-2	-2	17	595.22
20	57	5	-4	-4	-1	14	1026.37
20	55	5	-3	4	0	11	-328.43
20	40	5	-2	-5	-3	8	930.11
20	36	5	-1	4	1	5	-103.76
20	48	5	2	2	-3	-4	55.53
20	49	5	4	-5	-3	-10	1098.44
20	36	6	-10	3	-2	32	73.2
20	39	6	-10	-2	-3	32	621.98
20	48	6	-9	4	-1	29	-205.88
20	54	6	-7	-4	1	23	1013.31
20	46	6	-7	-5	-2	23	1040.86
20	43	6	-6	-3	-3	20	735.17
20	51	6	-3	4	-1	11	-284.85
20	47	6	-1	-5	1	5	1035.22
20	32	6	2	2	-2	-4	154.04
20	57	6	4	-1	1	-10	537.02
20	44	6	8	3	1	-22	28.78
20	52	6	9	1	1	-25	304.19
20	36	7	-8	-5	-3	26	892.71
20	43	7	0	-1	-1	2	458.95
20	34	7	4	-2	-1	-10	575.23
20	40	7	5	2	1	-13	142.53
20	35	7	6	1	-2	-16	285.73
20	56	7	8	-3	-2	-22	946.4
21	37	2	-7	2	0	23	131.39
21	43	2	2	-4	-2	-4	831.04
21	53	2	2	-4	-2	-4	952.59
21	30	2	3	-5	-1	-7	758.29
21	42	2	4	0	1	-10	324.58
21	51	2	5	-2	-3	-13	638.57
21	57	2	5	-3	-1	-13	858.43
21	53	2	8	2	-1	-22	60.39
21	34	3	-7	-2	1	23	538.1
21	32	3	-5	-3	-3	17	615.72
21	48	3	-1	2	1	5	14.69
21	41	3	-1	0	-2	5	308.92
21	56	3	2	1	-3	-4	150.66
21	40	3	2	1	1	-4	198.33
21	34	3	3	-4	-2	-7	740.45
21	59	3	6	1	-1	-16	186.37
21	46	3	7	3	-3	-19	-42.43
21	40	3	8	2	1	-22	139.62
21	49	3	8	-5	-2	-22	1114.38
21	58	3	9	1	1	-25	232.28
21	41	4	-10	-1	-3	32	513.09
21	53	4	-7	2	-1	23	30.41
21	37	4	-3	2	-2	11	94.82
21	41	4	-1	-4	-2	5	797.05
21	38	4	5	-2	1	-13	565.75
21	36	4	8	-5	-2	-22	920.5
21	37	4	9	-2	-3	-25	624.95
21	37	4	9	-1	-2	-25	519.34
21	53	5	-6	-4	-2	20	968.5
21	35	5	-5	4	-1	17	-103.16
21	48	5	-1	1	-1	5	175.85
21	36	5	-1	3	1	5	-20.4
21	39	5	1	2	-1	-1	75.45
21	31	5	7	-4	-1	-19	750.19
21	51	5	9	-5	1	-25	1191.16
21	35	6	-9	0	1	29	348.29
21	30	6	-6	3	0	20	45.8
21	49	6	-3	-5	-2	11	1045.4
21	33	6	0	-4	-1	2	691.89
21	55	6	0	4	-1	2	-351.96
21	51	6	2	3	1	-4	-138
21	46	6	3	2	-3	-7	54.62
21	32	6	6	-2	1	-16	558.03
21	45	6	6	4	0	-16	-171.2
21	58	6	8	4	1	-22	-286.57
21	39	6	9	-2	-3	-25	664.09
21	58	7	-7	4	-3	23	-369.32
21	35	7	-6	3	-2	20	-6.73
21	42	7	-6	4	-3	20	-191.75
21	43	7	1	2	1	-1	59.56
21	30	7	3	1	1	-7	240.94
22	37	2	-10	-5	-2	32	924.26
22	45	2	-8	2	-3	26	62.98
22	41	2	-3	3	-3	11	-88.43
22	36	2	3	-5	-2	-7	824.26
22	35	3	-10	4	0	32	-62.15
22	37	3	-5	2	-3	17	63.8
22	34	3	-5	-5	0	17	808.27
22	36	3	-3	1	1	11	175.46
22	41	3	1	1	-3	-1	155.57
22	56	3	4	0	-2	-10	292.91
22	34	3	5	-5	-3	-13	807.35
22	57	3	5	-1	0	-13	486.85
22	58	3	6	-1	0	-16	503.76
22	54	3	7	3	-2	-19	-153.66
22	33	3	9	3	-1	-25	67.01
22	43	4	-9	3	0	29	-43.41
22	40	4	2	-3	-2	-4	638.87
22	40	4	6	1	-2	-16	194.12
22	56	4	6	2	-2	-16	-8.05
22	59	5	-8	-3	-1	26	856.78
22	58	5	-6	3	-1	20	-224.28
22	45	5	-5	-2	1	17	554.42
22	42	5	-2	-4	1	8	776.64
22	39	5	0	0	-3	2	277.7
22	49	5	4	4	-1	-10	-284.69
22	46	5	8	0	-1	-22	357.07
22	40	6	-5	3	-2	17	-79.67
22	36	6	8	3	1	-22	35.92
22	35	7	-6	-2	-2	20	483.47
22	57	7	-4	-3	-3	14	786.27
22	40	7	1	-4	0	-1	756.17
22	39	7	6	2	0	-16	104.41
22	45	7	8	0	-2	-22	376.43
23	59	2	-9	-5	1	29	1196.98
23	32	2	-6	0	-3	20	259.88
23	58	2	-6	-4	-1	20	970.3
23	30	2	-4	4	-2	14	-125.93
23	41	2	1	0	-2	-1	226.82
23	54	2	4	-5	-1	-10	1059.04
23	33	2	9	-5	1	-25	800.9
23	52	3	-9	-1	-2	29	465.67
23	51	3	-8	4	-1	26	-320.76
23	51	3	-6	-5	-1	20	1041.3
23	33	3	-5	-3	-1	17	550.06
23	44	3	4	3	-3	-10	-146.79
23	32	3	7	-3	-1	-19	573.98
23	36	4	-3	-5	-1	11	768.27
23	47	4	-3	-5	1	11	939.34
23	48	4	-1	-3	0	5	662.92
23	53	4	0	-5	-1	2	1026.41
23	36	4	6	-5	-1	-16	810.73
23	35	4	8	-3	0	-22	616.48
23	54	4	9	0	1	-25	340.12
23	33	5	-8	0	-1	26	271.11
23	32	5	-7	-4	0	23	642.26
23	45	5	-7	-4	-2	23	803.01
23	40	5	-3	-3	-3	11	590.58
23	32	5	-2	-2	-1	8	419.56
23	32	5	-1	-1	0	5	313.08
23	47	5	9	0	-1	-25	328.02
23	41	6	-9	-4	-3	29	767.39
23	37	6	-7	0	-1	23	258.86
23	38	6	-1	-4	0	5	683.62
23	39	6	2	-2	1	-4	475.37
23	39	6	5	4	-1	-13	-193.58
23	59	6	5	-4	1	-13	998.16
23	45	7	-2	-2	-1	8	504.97
23	48	7	6	2	-3	-16	1.65
23	49	7	7	0	-1	-19	319.71
24	55	2	-10	3	-3	32	-213.59
24	49	2	-8	3	-1	26	-196.52
24	41	2	-7	-5	1	23	844.02
24	36	2	-5	-1	1	17	307.06
24	49	2	1	-3	-1	-1	623.88
24	59	2	1	-4	-2	-1	886.83
24	37	2	3	4	-3	-7	-254.27
24	35	2	8	4	1	-22	-182.39
24	33	3	-10	-4	0	32	662.95
24	31	3	-7	-4	-1	23	589.68
24	44	3	-5	-2	-1	17	468.6
24	42	3	0	-4	0	2	690.66
24	58	3	1	3	0	-1	-324.02
24	58	3	1	1	-2	-1	16.84
24	50	4	-9	-1	1	29	400.63
24	38	4	-1	3	-1	5	-164.29
24	32	4	0	-3	1	2	459.75
24	47	4	3	-1	1	-7	342.59
24	34	4	6	4	-1	-16	-177.2
24	36	4	6	-3	0	-16	545.65
24	59	5	-10	-5	-3	32	1151.29
24	57	5	-6	-5	-2	20	1058.66
24	53	5	-5	-3	0	17	674.97
24	42	5	-1	-2	-3	5	431.09
24	51	5	2	2	-2	-4	-112.73
24	40	6	-4	4	1	14	-299.93
24	55	6	1	3	0	-1	-305.45
24	47	6	7	0	-2	-19	251.12
24	32	7	-5	1	-2	17	76.3
24	51	7	2	4	0	-4	-418.86
24	41	7	3	-1	1	-7	322.11
24	55	7	4	2	0	-10	-106
24	56	7	9	-1	1	-25	481.77
25	38	2	-10	3	-2	32	-130.84
25	54	2	4	-4	1	-10	790.56
25	36	2	5	-1	-2	-13	251.98
25	41	2	5	2	-1	-13	-88.53
25	35	3	-6	-2	0	20	370.17
25	30	3	-4	-3	-3	14	411.4
25	43	3	1	1	-1	-1	4.82
25	47	3	2	-2	0	-4	423.37
25	51	4	-10	4	1	32	-395.48
25	57	4	-5	-4	-1	17	838.75
25	58	4	-5	1	-3	17	-22.9
25	38	4	-5	-2	-2	17	375.99
25	56	4	0	0	-3	2	140.11
25	46	4	0	3	-1	2	-282.29
25	58	4	2	-2	-3	-4	484.51
25	49	5	-6	1	0	20	-2.08
25	38	5	-6	1	0	20	34.94
25	41	5	-6	3	1	20	-216.23
25	44	5	1	-4	1	-1	665.87
25	33	5	8	4	-1	-22	-195.29
25	39	5	8	1	-2	-22	85.52
25	31	5	8	3	0	-22	-71.73
25	33	6	-8	0	-2	26	160.17
25	36	6	-6	-5	-2	20	681.2
25	56	6	-5	4	0	17	-530.14
25	34	6	-5	-5	-1	17	648.29
25	32	6	3	-5	1	-7	627.56
25	44	6	6	0	-3	-16	184.82
25	35	7	-10	2	-2	32	-36.37
25	33	7	-2	4	-1	8	-283.83
25	42	7	-1	-1	-1	5	252.82
25	33	7	6	2	0	-16	-5.83
25	35	7	8	-1	-1	-22	329.79
26	57	2	-10	-3	-2	32	698.45
26	36	2	-9	-1	1	29	261.61
26	50	2	-8	-4	-3	26	742.95
26	33	2	-7	-5	1	23	608.75
26	58	2	-3	-3	-3	11	619.33
26	49	2	3	2	-3	-7	-200.72
26	53	2	7	-3	0	-19	616.94
26	33	3	-9	-3	-2	29	440.66
26	34	3	-8	-3	0	26	435.91
26	45	3	-7	-1	0	23	249.27
26	39	3	-3	3	-3	11	-269.66
26	48	3	3	0	1	-7	95.58
26	39	3	3	-2	-3	-7	316.62
26	45	3	6	1	-1	-16	-16.5
26	57	4	-6	3	-2	20	-403.37
26	37	4	-5	-2	0	17	308.2
26	57	4	5	4	1	-13	-569.02
26	59	4	6	-4	-1	-16	845.97
26	51	4	6	-3	-3	-16	584.9
26	31	4	7	1	1	-19	27.28
26	34	5	-10	4	0	32	-261.8
26	39	5	-7	0	-2	23	100.44
26	33	5	-5	-4	1	17	482.01
26	32	5	-4	3	-2	14	-215.89
26	34	5	-2	1	0	8	-19.97
26	45	5	1	-5	-3	-1	754.16
26	59	5	1	3	0	-1	-443.45
26	36	5	3	-4	-3	-7	514.24
26	47	5	5	-4	-1	-13	678.72
26	38	5	6	3	-3	-16	-225.95
26	33	5	7	0	-3	-19	135.73
26	50	5	8	2	-2	-22	-137.12
26	40	6	-2	-5	1	8	669.42
26	43	6	-1	1	-2	5	-49.32
26	43	7	-8	-1	0	26	227.58
26	58	7	3	-3	-1	-7	627.51
26	35	7	3	1	-2	-7	-13.34
26	52	7	9	2	-1	-25	-109.31
26	51	7	9	-3	-1	-25	667.82
27	40	2	-4	4	-2	14	-436.6
27	34	2	-3	-1	-2	11	133.55
27	49	2	-1	-3	0	5	477.53
27	30	2	1	4	0	-1	-340.87
27	44	2	1	3	-3	-1	-359.59
27	58	2	2	3	0	-4	-483.48
27	59	2	6	3	0	-16	-449.42
27	48	2	7	3	1	-19	-352.53
27	59	3	-5	-5	-2	17	938.05
27	44	3	-1	-1	0	5	162.68
27	40	3	-1	-1	-2	5	145.65
27	39	3	1	-1	1	-1	158.09
27	58	3	3	-2	1	-7	394.79
27	49	3	3	-4	-2	-7	632.03
27	57	3	4	1	1	-10	-118.72
27	34	3	5	0	1	-13	50.53
27	41	4	-9	3	-3	29	-273.7
27	57	4	-7	1	-2	23	-91.61
27	40	4	-6	-2	-2	20	298.76
27	39	4	-4	1	1	14	-76.63
27	34	4	-4	-1	-1	14	134.38
27	59	4	-1	-3	1	5	577.09
27	36	4	2	-3	1	-4	364.1
27	34	4	2	-4	-2	-4	438.78
27	50	4	3	-3	-2	-7	506.2
27	45	4	6	4	-1	-16	-467.01
27	53	5	-10	3	1	32	-372.09
27	38	5	-9	3	-2	29	-255.46
27	51	5	-9	3	-3	29	-367.62
27	36	5	-2	0	-3	8	27.46
27	41	5	1	-1	-2	-1	149.03
27	57	5	2	-3	-2	-4	553.92
27	44	5	3	0	1	-7	45.76
27	48	5	4	-4	0	-10	634.54
27	41	5	6	4	-2	-16	-411.72
27	41	6	-6	0	-2	20	42.06
27	51	6	-4	-3	1	14	501.49
27	47	6	-2	4	-1	8	-535.54
27	32	6	0	-5	-2	2	501.18
27	32	6	6	-5	0	-16	552.87
27	50	6	7	2	-3	-19	-191.84
27	57	7	-9	-5	-1	29	925.77
27	36	7	-8	-3	-1	26	373.97
27	37	7	-8	3	-3	26	-283.61
27	38	7	-7	3	0	23	-307.24
27	38	7	0	1	-3	2	-101.09
27	39	7	5	2	-3	-13	-152.98
27	56	7	7	-2	-2	-19	454.18
27	46	7	7	-4	0	-19	667.85
27	47	7	9	4	0	-25	-405.76
28	55	2	-10	3	-1	32	-404.72
28	43	2	-3	-2	-1	11	258.08
28	48	2	-1	-4	-1	5	568.43
28	40	2	3	2	-3	-7	-238.23
28	31	2	6	-3	-1	-16	311.95
28	51	3	-9	-3	-3	29	527.38
28	36	3	-3	-2	0	11	198.87
28	44	3	0	-2	0	2	259.41
28	34	3	0	-3	-1	2	289.72
28	42	3	0	2	1	2	-250.86
28	32	3	4	3	1	-10	-288.7
28	40	3	8	-5	0	-22	661.87
28	31	3	9	4	1	-25	-303.05
28	57	4	-6	-5	-1	20	884.23
28	34	4	-4	-2	-1	14	202.19
28	45	4	-4	-1	-3	14	134
28	36	4	0	3	-3	2	-333.68
28	56	4	1	3	0	-1	-510.44
28	59	4	4	2	1	-10	-334.5
28	49	4	5	3	-3	-13	-413.9
28	56	4	8	2	-1	-22	-264.85
28	58	5	-7	2	1	23	-322.13
28	49	5	-5	-5	-1	17	742.08
28	41	5	-5	-2	0	17	253.07
28	39	5	-3	-4	-1	11	459.21
28	47	5	1	3	-2	-1	-430.73
28	39	5	2	0	1	-4	-3.79
28	31	5	8	3	-1	-22	-205.16
28	49	6	-8	1	0	26	-119.3
28	40	6	0	4	-3	2	-494.88
28	51	6	4	-3	-1	-10	488.53
28	47	6	5	-3	-2	-13	466.65
28	44	6	8	2	-2	-22	-181.69
28	49	7	1	0	-1	-1	-7.97
28	59	7	1	-3	1	-1	537.71
28	51	7	6	2	-2	-16	-243.72
28	59	7	9	-4	-2	-25	829.41
29	50	2	-9	2	-1	29	-258.1
29	30	2	-9	-1	1	29	123.64
29	34	2	-4	2	-3	14	-231.81
29	58	2	-3	-5	1	11	853.68
29	37	2	-3	0	-3	11	-28.72
29	58	2	-3	-1	-1	11	155.22
29	41	2	-2	-2	-2	8	211.34
29	56	2	-2	1	-1	8	-184.95
29	52	2	3	4	-3	-7	-648.51
29	37	2	5	1	-2	-13	-126.44
29	54	2	8	3	-1	-22	-444.27
29	58	3	-8	-3	0	26	558.68
29	53	3	-8	2	-2	26	-294.3
29	49	3	-7	4	-3	23	-576.79
29	32	3	-5	4	1	17	-414.48
29	45	3	-4	-3	-3	14	384.59
29	58	3	-1	-4	-2	5	667.23
29	54	3	5	-3	0	-13	474.93
29	58	3	5	-3	-2	-13	524.18
29	49	3	6	0	-3	-16	10.35
29	39	3	7	1	-2	-19	-98.16
29	45	3	7	1	1	-19	-110.12
29	53	4	-9	-5	-1	29	817.43
29	41	4	-7	4	-2	23	-497.48
29	47	4	-3	-3	-1	11	399.78
29	50	4	-2	2	0	8	-336.21
29	37	4	1	3	-3	-1	-366.84
29	35	4	3	4	-2	-7	-441.31
29	45	4	4	-1	1	-10	127.96
29	40	4	7	-1	-1	-19	143.79
29	33	5	-10	0	-3	32	28.95
29	39	5	-4	1	-1	14	-149.6
29	53	5	-1	3	-1	5	-509.49
29	51	5	0	4	-1	2	-638.77
29	56	5	4	0	1	-10	-7.31
29	38	5	5	3	-1	-13	-344.91
29	39	6	-4	4	-1	14	-506.51
29	50	6	-1	-3	1	5	407.91
29	33	6	0	-5	-2	2	446.7
29	56	7	-2	-4	-2	8	637.44
29	36	7	4	-5	1	-10	537.2
29	41	7	8	0	-1	-22	76.49
30	48	2	-9	-3	0	29	457.38
30	48	2	-7	4	-2	23	-576.26
30	38	2	-7	4	-1	23	-476.77
30	31	2	-7	-1	-2	23	85.63
30	38	2	-3	-1	0	11	71.94
30	42	2	3	1	-3	-7	-163.04
30	56	2	5	-3	1	-13	478.9
30	30	2	5	-4	-3	-13	329.63
30	35	2	7	4	1	-19	-426.1
30	58	2	8	0	0	-22	28.36
30	51	3	-10	-5	-3	32	810.93
30	47	3	-8	-5	1	26	710.46
30	46	3	-1	1	-1	5	-191.68
30	54	3	-1	3	-2	5	-538.33
30	40	3	1	4	-3	-1	-524.95
30	46	4	-10	0	-3	32	36.79
30	42	4	-8	1	0	26	-124.42
30	30	4	-7	-3	1	23	250.78
30	46	4	-5	-2	-3	17	244.04
30	58	4	-3	3	1	11	-560.57
30	46	4	2	3	-2	-4	-454.98
30	37	4	3	2	-1	-7	-263.15
30	52	4	6	-1	1	-16	154.3
30	56	5	-9	0	1	29	18.85
30	55	5	-9	1	-1	29	-152.96
30	38	5	-7	-1	0	23	87.41
30	32	5	-7	0	1	23	-20.39
30	52	5	-6	-5	-1	20	751.29
30	57	5	-5	-2	-2	17	306.14
30	45	5	-4	-2	-3	14	219.64
30	30	5	-2	0	-1	8	-61.85
30	37	5	-1	-4	0	5	388.94
30	49	5	1	-2	0	-1	253.28
30	58	5	3	-4	-2	-7	666.53
30	39	5	3	-3	-1	-7	311.17
30	51	5	5	-5	1	-13	756.14
30	32	5	7	-5	-2	-19	494.74
30	45	6	-9	4	-2	29	-529.13
30	33	6	-7	-4	-3	23	361.5
30	52	6	-6	-5	0	20	746.79
30	44	6	-6	-3	1	20	355.6
30	38	6	-3	2	-3	11	-285.43
30	45	6	-2	-2	0	8	207.5
30	41	6	1	-5	0	-1	569.77
30	33	6	4	-4	1	-10	361.04
30	34	6	4	-3	-2	-10	276
30	42	6	6	3	-3	-16	-374.71
30	35	7	-10	1	1	32	-111.82
30	32	7	-9	0	-1	29	-20.11
30	44	7	-9	-2	1	29	249.75
30	37	7	-5	0	0	17	-51.79
30	39	7	-1	-1	1	5	60.32
30	48	7	5	3	-1	-13	-430.92
30	38	7	7	-1	0	-19	144.15
30	44	7	7	4	-1	-19	-495.48
31	49	2	-9	3	-2	29	-409.8
31	41	2	-8	0	-3	26	12.92
31	48	2	-2	-4	-3	8	535.09
31	52	2	1	-4	0	-1	574.24
31	46	2	2	1	1	-4	-186.24
31	49	2	3	-5	-2	-7	697.07
31	46	2	3	2	0	-7	-323.53
31	30	2	5	4	1	-13	-393.22
31	40	2	6	-2	-3	-16	223.88
31	34	2	7	4	0	-19	-408.15
31	46	2	9	0	-1	-25	32.75
31	48	3	-9	-5	0	29	746.4
31	37	3	-8	1	1	26	-110.97
31	45	3	-2	1	-2	8	-181.69
31	33	3	1	-4	1	-1	339.12
31	50	3	2	-4	-2	-4	560.77
31	39	3	2	4	-2	-4	-516.4
31	37	3	3	-4	-2	-7	391.38
31	53	3	9	-2	-1	-25	356.45
31	50	3	9	-3	-3	-25	483.32
31	43	3	9	-4	1	-25	547.95
31	55	4	-5	-3	-2	17	467.23
31	34	4	-4	-5	0	14	455.09
31	58	4	-2	-3	0	8	475.58
31	58	4	-2	2	0	8	-385.65
31	52	4	-2	2	1	8	-359.63
31	55	4	2	-4	-2	-4	616.46
31	59	4	2	-2	-1	-4	322.5
31	31	4	2	-5	-1	-4	417.99
31	56	4	6	-3	1	-16	506.13
31	50	5	-8	-4	-1	26	590.85
31	59	5	-2	-4	0	8	665.81
31	49	5	3	3	-1	-7	-468.79
31	38	5	4	-3	1	-10	315.39
31	46	5	7	2	1	-19	-257.5
31	39	6	-10	-4	-2	32	481.39
31	40	6	-6	2	0	20	-282
31	38	6	-3	-5	1	11	512.85
31	31	6	8	-3	-2	-22	310.67
31	59	7	-10	2	-2	32	-343.22
31	41	7	-6	3	-3	20	-414.35
31	42	7	-3	3	0	11	-443.72
31	33	7	0	-5	-2	2	449.62
31	54	7	6	1	1	-16	-143.83
31	32	7	7	-4	-1	-19	408.49
32	58	2	1	2	0	-1	-369.38
32	56	2	3	-3	0	-7	483.38
32	57	2	8	0	-3	-22	42.92
32	47	2	9	-2	-1	-25	327.05
32	31	3	-4	-3	0	14	247.07
32	55	3	-3	-4	0	11	635.67
32	34	3	-2	-3	-1	8	261.68
32	55	3	1	-5	0	-1	795.78
32	50	3	2	4	0	-4	-625.49
32	30	3	6	2	-2	-16	-178.8
32	54	4	-6	2	-1	20	-339.5
32	52	4	-4	0	-1	14	-21.73
32	31	4	-3	-3	-3	11	240.25
32	55	4	-2	-2	-2	8	303
32	54	4	1	-4	-1	-1	609.76
32	38	4	7	4	1	-19	-439.97
32	56	5	-10	3	-1	32	-465.79
32	55	5	-6	-2	-1	20	312.96
32	46	5	-5	-3	1	17	386.86
32	31	5	1	0	-1	-1	-42.34
32	33	5	1	-1	1	-1	49.47
32	57	5	2	-1	-2	-4	145.26
32	41	5	2	2	-3	-4	-278.18
32	48	5	3	0	-3	-7	-16.81
32	31	5	5	0	-2	-13	-6.62
32	56	5	5	3	-3	-13	-496.34
32	33	5	7	-5	-3	-19	513.52
32	57	5	7	-2	-1	-19	381.39
32	47	6	-5	3	-2	17	-458.1
32	59	6	-5	2	-3	17	-379.63
32	47	6	-3	-1	1	11	107.2
32	50	6	-1	-3	-3	5	405.91
32	41	6	1	3	-2	-1	-413.62
32	55	6	5	0	1	-13	5.53
32	35	6	5	1	-1	-13	-112.54
32	42	6	5	2	-1	-13	-254.49
32	30	6	7	-1	-3	-19	104.81
32	47	7	-10	4	0	32	-552.91
32	30	7	-7	-3	1	23	242.41
32	55	7	-4	4	0	14	-695.83
32	31	7	1	-1	0	-1	49.97
32	35	7	1	3	-2	-1	-351.8
33	40	2	-10	-4	0	32	559.54
33	36	2	-9	0	1	29	59.17
33	55	2	-8	1	1	26	-109.15
33	58	2	-8	-1	-3	26	232.79
33	49	2	-3	-3	-3	11	436.96
33	59	2	-2	-1	-3	8	178.42
33	39	2	4	0	-3	-10	6.24
33	56	3	-7	4	0	23	-631.3
33	41	3	1	-3	1	-1	362.07
33	42	3	6	-3	-1	-16	409.49
33	50	3	6	-1	0	-16	185.64
33	33	3	8	2	-3	-22	-141.38
33	35	3	9	-2	-2	-25	285.23
33	45	4	-8	3	1	26	-362.29
33	38	4	-4	0	0	14	-9.69
33	56	4	2	-2	-3	-4	346.3
33	59	4	8	2	-3	-22	-280.66
33	50	4	8	3	-1	-22	-385.23
33	52	5	-5	4	-2	17	-621.47
33	40	5	-3	0	-3	11	-11.92
33	38	5	1	-3	0	-1	325.62
33	37	5	5	-1	1	-13	120.26
33	35	6	-10	3	-2	32	-270.45
33	32	6	-9	1	-3	29	-61.2
33	37	6	-3	-5	0	11	534.79
33	51	6	-1	2	1	5	-325.82
33	57	6	-1	0	0	5	-7.46
33	46	6	0	2	-1	2	-287.8
33	34	6	2	-5	-2	-4	500.32
33	54	6	4	-1	1	-10	186.16
33	43	6	6	-5	1	-16	696.67
33	47	6	8	-3	0	-22	504.11
33	55	6	9	-3	1	-25	603.48
33	50	7	-10	-3	-3	32	498.04
33	31	7	-7	-2	0	23	182
33	33	7	-5	-3	-2	17	275.67
33	38	7	-3	0	1	11	-19.38
33	32	7	-3	3	-1	11	-316.58
33	56	7	0	3	-1	2	-515.79
33	55	7	3	0	-1	-7	12.98
33	37	7	5	4	0	-13	-407.21
33	33	7	6	1	0	-16	-53.87
33	50	7	6	4	-3	-16	-542.77
33	58	7	7	2	-3	-19	-269.9
33	59	7	8	-3	0	-22	626.06
34	34	2	5	0	0	-13	45.39
34	56	2	6	1	0	-16	-100.69
34	44	3	-4	0	1	14	29.17
34	30	3	-3	-4	-1	11	390.96
34	33	3	-2	2	0	8	-173.47
34	31	3	-1	0	-3	5	11.57
34	33	3	4	0	-2	-10	38.54
34	54	3	5	1	1	-13	-105.81
34	42	4	-9	4	-2	29	-412.4
34	58	4	-4	2	1	14	-303.2
34	34	4	-4	3	-2	14	-274.45
34	48	4	-3	-4	-2	11	610.79
34	59	4	7	0	0	-19	96.81
34	54	5	3	-1	-2	-7	213.48
34	35	5	7	-5	-2	-19	601.67
34	32	5	9	-1	-1	-25	214.86
34	36	6	-9	-2	1	29	283.13
34	47	6	-6	-5	1	20	747.8
34	57	6	9	1	-3	-25	-27.88
34	40	7	-10	1	-2	32	-44.51
34	49	7	-9	-2	-3	29	366.75
34	41	7	-9	0	-2	29	62.72
34	58	7	-6	-4	0	20	742.76
34	38	7	-4	2	1	14	-203.17
34	37	7	2	3	-2	-4	-296.11
34	38	7	5	4	0	-13	-383.7
34	59	7	8	-1	-1	-22	310.66
34	36	7	9	-5	-3	-25	684.42
35	58	2	-9	-5	-1	29	1032.21
35	38	2	-7	1	-2	23	-5.18
35	32	2	-5	-1	-3	17	175.09
35	54	2	1	-5	-2	-1	895.02
35	46	2	2	2	0	-4	-190.57
35	53	2	3	4	0	-7	-548.07
35	40	2	5	-1	-3	-13	215.07
35	47	2	5	-1	0	-13	252
35	36	2	9	1	-2	-25	51.87
35	34	3	-9	-3	-1	29	447.11
35	30	3	-7	-3	1	23	372.18
35	32	3	-6	0	-1	20	97.01
35	45	3	0	0	1	2	82.81
35	57	3	8	1	1	-22	-22.17
35	51	4	-10	-4	-2	32	775.11
35	40	4	1	-3	-3	-1	427.77
35	53	4	5	-4	-1	-13	740.89
35	41	4	8	1	-2	-22	21.57
35	57	5	-10	1	-1	32	-12.74
35	51	5	-8	1	-3	26	-32.66
35	35	5	-5	-1	0	17	186.96
35	31	5	-3	4	-1	11	-313.53
35	58	5	3	-4	-2	-7	800.5
35	40	5	5	-2	1	-13	348.06
35	43	5	5	-2	1	-13	375.15
35	46	6	-9	-3	0	29	529.99
35	41	6	-6	0	-3	20	80.92
35	42	6	1	3	1	-1	-303.53
35	33	6	3	2	-2	-7	-110.27
35	50	6	4	-5	-1	-10	848.32
35	50	7	-7	0	0	23	87.3
35	33	7	-6	-1	-1	20	163.86
35	40	7	-5	0	0	17	62.18
35	34	7	-2	2	0	8	-138.42
35	39	7	4	3	-2	-10	-246.53
35	39	7	6	2	1	-16	-107.1
35	32	7	6	3	-3	-16	-174.11
35	47	7	8	0	-1	-22	164.24
35	49	7	8	0	-2	-22	178.15
35	43	7	9	1	1	-25	78.2
36	49	2	-7	3	-3	23	-262.25
36	41	2	-7	-5	1	23	785.26
36	41	2	-6	4	1	20	-337.46
36	39	2	-4	3	-2	14	-218.02
36	37	2	-3	-3	-1	11	459.7
36	35	2	0	-1	-1	2	232.98
36	52	2	5	-5	-3	-13	939.48
36	54	3	-10	-1	-3	32	390.01
36	33	3	-7	4	-1	23	-227.23
36	52	3	1	4	-3	-1	-501.14
36	40	3	4	0	0	-10	145.35
36	51	3	5	1	-3	-13	2.55
36	46	3	5	0	-3	-13	157.73
36	42	3	5	3	0	-13	-229.53
36	31	4	-9	-2	1	29	364.37
36	42	4	-7	-2	-2	23	416.22
36	33	4	-4	-4	-1	14	527.03
36	46	4	-3	-2	-3	11	419.73
36	43	4	6	1	-3	-16	40.47
36	36	5	-7	0	0	23	146.65
36	48	5	-5	-5	-2	17	858.36
36	51	5	-3	2	1	11	-173.16
36	33	5	-1	-3	-3	5	410.9
36	57	5	1	-1	-1	-1	317.33
36	51	5	8	1	-1	-22	66.09
36	57	5	9	-4	-1	-25	919.66
36	33	6	-10	2	0	32	-17.62
36	35	6	-10	-5	1	32	698.08
36	37	6	-3	3	-2	11	-207.28
36	56	6	-1	3	0	5	-373.77
36	52	6	0	0	-2	2	123.3
36	42	6	3	2	-3	-7	-109.11
36	35	6	4	4	-1	-10	-270.38
36	45	6	6	-1	0	-16	323.35
36	45	6	7	2	-1	-19	-71.96
36	37	7	-6	2	1	20	-92.37
36	59	7	0	0	0	2	144.5
36	52	7	3	0	1	-7	159.87
36	37	7	6	0	-1	-16	190.16
36	49	7	6	1	0	-16	47.76
36	40	7	7	-5	1	-19	800.96
37	56	2	-7	-4	1	23	907.83
37	43	2	-3	-2	1	11	441.98
37	44	2	-2	-3	-2	8	570.54
37	54	2	3	4	-1	-7	-447.09
37	48	2	4	3	0	-10	-230.86
37	33	2	6	0	0	-16	206.84
37	43	3	-10	1	-2	32	135.46
37	55	3	-7	-3	-3	23	727.14
37	52	3	-6	-5	-2	20	990.39
37	35	3	-6	2	-2	20	-9.65
37	30	3	-3	3	1	11	-97.17
37	35	3	5	-3	1	-13	515.46
37	53	3	6	-3	-2	-16	707.05
37	54	3	9	0	1	-25	280.8
37	50	4	-10	-1	-2	32	416.71
37	55	4	-9	-1	-1	29	414.96
37	37	4	-7	-3	-1	23	549.08
37	45	4	-6	-2	-1	20	480.59
37	45	4	-5	-5	1	17	871.2
37	41	4	-5	4	-1	17	-296.64
37	47	4	1	2	0	-1	-99.53
37	44	4	2	-3	1	-4	586.51
37	41	4	6	-4	0	-16	720.68
37	35	4	8	2	1	-22	33.84
37	51	5	-1	1	1	5	30.02
37	48	5	-1	1	-1	5	49.16
37	38	5	4	1	-3	-10	88.33
37	32	5	8	-4	1	-22	636.1
37	48	6	-6	4	0	20	-377.16
37	37	6	-5	-5	-1	17	735.38
37	37	7	-8	2	-3	26	-19.39
37	35	7	-6	1	1	20	67.65
37	42	7	-4	-1	-3	14	296.04
37	44	7	-3	1	1	11	33.57
37	37	7	0	3	-2	2	-149.45
37	42	7	1	-1	-3	-1	316.59
37	30	7	8	0	0	-22	279.96
37	32	7	8	-1	-1	-22	367.71
38	40	2	-8	4	-3	26	-191.14
38	49	2	-7	3	-2	23	-157.85
38	57	2	0	-5	-3	2	1098.75
38	59	2	0	2	0	2	-116.82
38	40	2	1	3	-2	-1	-134.98
38	56	2	7	3	0	-19	-217.07
38	53	2	8	1	-3	-22	147.89
38	50	3	-10	1	-3	32	178.12
38	55	3	-10	-3	-1	32	822.46
38	45	3	-4	0	0	14	243.19
38	59	3	-1	3	-3	5	-296.09
38	36	3	0	-3	-3	2	556.74
38	59	3	1	-5	-2	-1	1134.18
38	58	3	3	3	0	-7	-273.9
38	30	3	4	-3	-2	-10	515.16
38	38	3	7	1	-1	-19	171.38
38	48	4	-5	1	-3	17	106.33
38	56	4	-4	1	-1	14	90.24
38	35	4	-2	4	1	8	-201.16
38	59	4	-1	-2	-2	5	581.45
38	37	4	0	1	1	2	117.2
38	50	4	2	-5	0	-4	992.27
38	34	4	8	-3	-2	-22	596.92
38	54	4	8	-1	-1	-22	475.49
38	59	4	9	-4	-1	-25	1042.73
38	46	4	9	-2	-2	-25	602.79
38	49	5	-10	-1	-2	32	458.27
38	54	5	-7	-5	-3	23	1085.5
38	59	5	-4	-2	-3	14	606.82
38	43	5	-3	1	-3	11	103.87
38	48	5	-1	0	1	5	233.84
38	34	5	1	4	-2	-1	-176.75
38	53	5	2	4	1	-4	-380.54
38	52	5	6	-1	-3	-16	437.93
38	33	5	7	1	1	-19	196.25
38	33	6	-10	-3	-2	32	588.21
38	36	6	-6	3	1	20	-84.17
38	54	6	-4	2	0	14	-82.07
38	36	6	5	-1	-3	-13	379.7
38	57	6	6	1	1	-16	131.98
38	58	6	6	-5	-2	-16	1175.95
38	51	6	6	-4	-3	-16	916.61
38	33	6	7	1	0	-19	200.93
38	44	6	8	0	-3	-22	325.01
38	45	7	-7	1	-1	23	118.32
38	36	7	-7	1	-1	23	126.04
38	35	7	-6	-4	0	20	660.92
38	49	7	-1	2	-1	5	-52.93
38	44	7	0	-5	-2	2	878.65
38	42	7	3	-4	0	-7	760.39
39	53	2	-10	-5	0	32	1174.15
39	37	2	-9	-2	-2	29	572.82
39	36	2	-3	1	-3	11	173.51
39	48	2	1	-1	-3	-1	422.76
39	35	2	7	-2	-2	-19	542.02
39	48	3	-10	4	0	32	-214.54
39	31	3	-9	3	1	29	58.28
39	41	3	-1	1	-2	5	153.65
39	57	3	2	-3	-2	-4	802.37
39	59	3	3	-1	-3	-7	474.48
39	47	3	6	-1	-2	-16	464.1
39	57	3	6	4	0	-16	-360
39	40	3	7	-4	-3	-19	813.39
39	45	4	-3	-4	-1	11	821.71
39	57	4	1	2	-2	-1	-50.42
39	57	4	1	0	-1	-1	296.48
39	48	4	4	1	-1	-10	168.32
39	41	4	5	0	-2	-13	313.11
39	32	4	5	1	-1	-13	207.9
39	46	4	9	1	1	-25	236.09
39	43	5	-5	3	1	17	-95.64
39	45	5	2	0	-2	-4	288.58
39	51	6	-6	3	0	20	-165.33
39	42	6	-4	1	0	14	149.71
39	53	7	-9	-2	1	29	644.13
39	32	7	-4	-5	1	14	747.72
39	30	7	-1	4	-1	5	-103.6
39	51	7	4	1	0	-10	156.67
39	59	7	7	-2	-3	-19	731.86
40	32	2	-8	-3	-2	26	654.47
40	49	2	1	-2	-3	-1	610.12
40	37	3	-10	-1	-2	32	516.34
40	45	3	-9	-2	-1	29	667.49
40	58	3	-8	1	-2	26	217.93
40	49	3	-1	3	-1	5	-117.79
40	50	3	2	4	-2	-4	-280.33
40	40	3	5	-5	1	-13	940.69
40	47	3	6	3	1	-16	-56.56
40	47	3	7	4	1	-19	-195
40	36	3	7	-2	-2	-19	583.1
40	53	3	8	3	0	-22	-78.97
40	48	3	9	1	1	-25	258.03
40	44	4	-10	4	1	32	-126.51
40	36	4	-8	1	-2	26	258.25
40	55	4	-4	2	-2	14	7.15
40	46	4	-3	-4	0	11	873.28
40	44	4	-1	3	-3	5	-84.52
40	36	4	3	0	-1	-7	320.63
40	38	4	3	2	0	-7	98.12
40	38	4	3	4	-2	-7	-131.82
40	55	4	6	4	1	-16	-286.49
40	50	4	9	2	0	-25	109.52
40	51	5	-8	-1	-3	26	522.16
40	51	5	-5	-3	-3	17	788.82
40	52	5	-3	-3	-1	11	791.79
40	59	5	0	-4	-3	2	1033.13
40	31	5	4	-5	-3	-10	797.82
40	44	5	6	-1	0	-16	504.5
40	32	6	-10	2	1	32	179.37
40	55	6	-8	4	-1	26	-299.1
40	43	6	-8	0	0	26	350.32
40	38	6	-5	-5	1	17	887.42
40	58	6	-5	-3	-1	17	848.81
40	38	6	-4	-1	-3	14	427.88
40	47	6	-3	0	1	11	319.59
40	33	6	-1	-5	-1	5	798.59
40	55	6	-1	-1	0	5	484.07
40	59	6	9	2	-3	-25	89.6
40	55	7	-9	1	-1	29	192.45
40	41	7	-6	3	0	20	-47.3
40	54	7	-6	0	-3	20	324.39
40	47	7	-2	0	-1	8	318.97
40	51	7	-2	-3	1	8	771.29
40	36	7	2	0	1	-4	331.33
40	36	7	7	-2	-2	-19	608.24
41	40	2	-9	-5	0	29	1019.43
41	49	2	-5	1	-2	17	210.52
41	48	2	-5	3	0	17	-65.36
41	45	2	-3	4	-2	11	-188.99
41	34	2	2	2	-3	-4	141.02
41	49	2	3	1	-1	-7	211.27
41	44	2	6	-2	-1	-16	640.38
41	49	2	6	-4	-3	-16	966.44
41	30	2	7	-2	-3	-19	560.22
41	57	3	-6	3	1	20	-130.37
41	41	3	-6	3	1	20	-2.4
41	44	3	-5	4	-3	17	-166.22
41	32	3	-2	-5	1	8	816.94
41	36	3	2	-1	-2	-4	456.59
41	43	3	3	-4	1	-7	870.09
41	49	4	-4	-1	1	14	504.37
41	57	4	-3	-2	-1	11	705.55
41	43	4	0	4	1	2	-170.08
41	45	5	-10	1	-1	32	287.45
41	59	5	-9	-4	-2	29	1118.02
41	57	5	-6	-4	-3	20	1057.27
41	37	5	-6	-3	-3	20	680.51
41	36	5	-5	-1	0	17	467.6
41	53	5	-4	3	1	14	-121.81
41	30	5	-1	-4	0	5	684.12
41	45	5	5	-5	-3	-13	1064.54
41	31	6	-9	4	0	29	4.4
41	58	6	-7	3	-1	23	-145.4
41	51	6	-6	-1	1	20	509.57
41	33	6	-3	-1	-2	11	422.19
41	45	6	-1	-2	-1	5	606.57
41	59	6	0	2	1	2	-1.78
41	54	6	1	4	-3	-1	-293.93
41	33	6	1	-5	-3	-1	829.29
41	30	6	3	-4	1	-7	703.01
41	50	6	4	-3	-2	-10	830.58
41	42	7	-10	0	1	32	397.24
41	33	7	-7	1	1	23	251.84
41	41	7	-4	-4	-1	14	841.89
41	53	7	-1	1	-3	5	191.4
41	42	7	4	-4	-1	-10	884.93
41	46	7	4	3	-3	-10	-34.65
41	52	7	5	-2	-1	-13	702.94
41	37	7	6	-2	0	-16	618.05
41	54	7	7	-4	-1	-19	1095.99
41	51	7	9	-2	-1	-25	782.55
42	59	2	-3	4	1	11	-332.88
42	40	2	-2	-3	1	8	717.48
42	51	2	7	-4	0	-19	1018.66
42	32	3	0	2	-2	2	156.11
42	55	3	5	1	-3	-13	228.55
42	50	3	7	3	1	-19	-27.54
42	44	3	9	2	-2	-25	187.15
42	51	4	-10	-5	-2	32	1207.43
42	53	4	-7	-4	1	23	1038.32
42	59	4	-5	0	-2	17	384.24
42	42	4	-3	0	1	11	356.09
42	44	4	-3	3	0	11	-31.15
42	39	4	1	4	-2	-1	-114.85
42	53	4	1	3	-1	-1	-106.79
42	46	4	2	2	-1	-4	88.81
42	50	4	7	4	-3	-19	-182.42
42	37	5	-5	-1	1	17	476.43
42	35	5	-2	-4	0	8	765.21
42	34	5	-2	-4	-1	8	756.67
42	32	5	1	-3	-1	-1	633.81
42	31	5	4	1	-2	-10	287.95
42	38	5	5	-5	-1	-13	960.14
42	46	5	5	4	-3	-13	-164.01
42	39	5	5	2	1	-13	149.56
42	31	5	8	3	-1	-22	138.74
42	31	5	9	-5	1	-25	915.95
42	53	6	-9	1	1	29	258.4
42	35	6	0	-2	1	2	555.08
42	58	6	2	-2	0	-4	726.89
42	54	6	5	-1	1	-13	564.79
42	30	7	-8	3	-3	26	100.15
42	54	7	4	3	1	-10	-83.17
42	42	7	9	-2	0	-25	720.53
43	40	2	-10	-3	-3	32	809.36
43	59	2	-9	-2	-1	29	801.65
43	53	2	-7	1	1	23	248.52
43	37	2	-4	-3	-2	14	693.72
43	59	2	-1	-3	0	5	901.1
43	36	2	2	-2	-2	-4	560.66
43	54	2	2	-5	-2	-4	1180.34
43	56	2	3	-1	-2	-7	546.73
43	51	2	5	-3	0	-13	846.29
43	43	2	6	-1	1	-16	527.43
43	53	2	8	-2	-3	-22	739.11
43	54	3	-2	-1	1	8	529.33
43	46	3	3	-4	0	-7	923.99
43	40	3	4	-4	0	-10	848.65
43	30	3	8	-3	1	-22	683.16
43	43	4	-6	-2	-1	20	639.13
43	49	4	-6	-3	-1	20	825.86
43	55	4	-5	-3	-1	17	873.58
43	50	4	-4	-5	-2	14	1112.87
43	45	4	2	-3	-1	-4	761.16
43	44	4	6	-2	-2	-16	664.86
43	35	4	6	2	-1	-16	182.69
43	44	5	-6	3	1	20	-21.24
43	53	5	-4	0	0	14	364.62
43	53	5	6	-3	-3	-16	891.85
43	59	5	9	0	-2	-25	471.35
43	48	6	-9	4	-3	29	-170.72
43	36	6	-8	3	-3	26	56.44
43	34	6	4	3	-3	-10	76.36
43	59	6	8	0	-1	-22	459.96
43	50	6	9	2	1	-25	179.14
43	56	7	-9	-3	-3	29	906.48
43	49	7	-7	2	-3	23	74.1
43	52	7	-7	2	0	23	66.83
43	44	7	-6	1	0	20	231.39
43	59	7	-4	2	0	14	13.16
43	30	7	0	-3	1	2	606.3
43	49	7	1	-1	-1	-1	508.1
43	39	7	4	-3	-3	-10	741.48
43	36	7	8	2	1	-22	239.44
44	43	2	-10	-2	-2	32	695.16
44	38	2	-6	-4	0	20	828.64
44	49	2	-3	2	-2	11	67.84
44	50	2	0	2	-3	2	52.65
44	51	2	3	-1	-3	-7	508.76
44	58	2	8	1	-2	-22	240.55
44	38	3	-6	-2	0	20	586.43
44	53	3	-3	2	-2	11	28.97
44	54	3	0	-1	-1	2	510.23
44	38	3	5	-1	-3	-13	475.02
44	30	3	6	-4	-3	-16	734.58
44	59	4	-9	0	0	29	415.53
44	53	4	-3	-4	-2	11	984.7
44	34	4	-2	3	-3	8	15.65
44	42	4	4	-4	-2	-10	857.1
44	44	4	9	0	1	-25	438.39
44	33	5	-10	-3	0	32	709.28
44	36	5	-8	2	-2	26	165.48
44	51	5	-7	1	0	23	222.66
44	51	5	-4	3	0	14	-107.13
44	31	5	-4	-5	-3	14	796.97
44	40	5	-4	4	-3	14	-139.07
44	30	5	8	-3	0	-22	683.51
44	39	6	-9	-3	-1	29	739.1
44	39	6	-7	-4	0	23	827.2
44	59	6	-6	-3	-3	20	898.54
44	42	6	-4	-5	-3	14	968.08
44	32	6	-1	4	-1	5	-63.39
44	38	6	-1	1	-2	5	220.3
44	50	6	1	1	-2	-1	192.78
44	33	6	3	-4	-3	-7	747.71
44	57	6	5	-4	-3	-13	1085.62
44	45	6	9	2	-2	-25	184.3
44	44	6	9	-5	-1	-25	1112.83
44	36	7	-3	3	1	11	0.09
44	34	7	6	2	0	-16	181.13
44	52	7	8	-2	-1	-22	757.64
44	54	7	8	1	0	-22	288.37
45	38	2	-7	-3	-2	23	699.68
45	53	2	-4	-4	-1	14	977.09
45	47	2	-2	4	-2	8	-239.77
45	58	3	-1	-3	-2	5	849.12
45	40	3	2	1	0	-4	186.87
45	43	3	8	3	-2	-22	-2.94
45	40	3	9	3	-1	-25	39.5
45	40	3	9	-2	1	-25	639.63
45	34	4	-9	-3	0	29	662.99
45	31	4	-7	-3	-3	23	617.74
45	49	4	-3	0	1	11	323.3
45	50	4	-1	-4	0	5	923.6
45	54	4	3	1	-2	-7	168.87
45	38	4	3	1	0	-7	202.14
45	55	4	4	1	-2	-10	172.94
45	46	4	4	1	0	-10	199.54
45	34	4	5	0	-1	-13	329.43
45	52	4	9	4	0	-25	-208.38
45	47	5	-9	2	1	29	102.57
45	41	5	-5	-3	-1	17	694.21
45	30	5	1	-2	0	-1	488.4
45	38	5	2	3	-1	-4	-17.21
45	33	5	6	2	0	-16	159.39
45	38	6	-9	-2	-3	29	583.68
45	31	6	-8	-3	-3	26	622.4
45	57	6	-6	2	-1	20	1.36
45	57	6	-4	4	1	14	-352.5
45	30	6	-3	-1	-2	11	384.45
45	49	6	-2	0	-2	8	318.78
45	59	6	-1	-3	-3	5	853.83
45	44	6	4	-4	-1	-10	867.21
45	33	6	5	4	-1	-13	-46.83
45	34	6	5	-5	1	-13	844.91
45	52	6	7	-5	-3	-19	1175.86
45	44	6	8	-1	-1	-22	525.04
45	31	6	9	-5	-1	-25	873.83
45	37	7	-10	-2	1	32	583.28
45	56	7	-8	0	1	26	350.87
45	35	7	-7	2	-2	23	109.47
45	43	7	-3	-4	0	11	816.77
45	49	7	9	-3	0	-25	871.86
46	57	2	-10	4	0	32	-302.54
46	46	2	2	-5	0	-4	969.51
46	54	2	3	4	1	-7	-347.44
46	52	2	3	2	-2	-7	-15.24
46	36	2	3	-4	1	-7	715.88
46	58	2	5	-5	-1	-13	1178.3
46	59	2	8	0	1	-22	363.69
46	41	3	-4	4	0	14	-211.47
46	35	3	-3	-5	-1	11	799.2
46	36	3	-1	3	-2	5	-50.48
46	48	3	3	2	1	-7	2.25
46	33	3	4	1	-3	-10	191.21
46	49	4	-10	-3	-2	32	808.02
46	58	4	-5	4	-3	17	-386.59
46	49	4	-5	4	0	17	-294.81
46	32	4	-3	-2	-3	11	452.49
46	45	4	0	-1	-2	2	407.29
46	40	4	1	-2	1	-1	518.6
46	40	4	2	-4	0	-4	759.5
46	41	4	9	4	-1	-25	-123.32
46	52	5	-5	2	0	17	-23.45
46	59	5	-4	4	-3	14	-419.88
46	54	5	-1	0	-2	5	284.87
46	41	5	2	1	-2	-4	155.35
46	39	5	2	3	1	-4	-73.03
46	41	5	3	4	0	-7	-204.8
46	49	5	3	-4	1	-7	872.92
46	39	5	3	1	-1	-7	175.49
46	31	5	6	-4	0	-16	683.42
46	57	5	7	-5	-3	-19	1203.34
46	52	5	8	-4	-1	-22	992.13
46	34	5	9	-3	0	-25	670.82
46	31	5	9	2	-3	-25	173.59
46	35	6	-7	-1	-3	23	398.17
46	34	6	-5	1	0	17	175.33
46	35	6	-2	-1	-1	8	366.94
46	37	6	0	4	0	2	-179.18
46	55	6	0	-4	-2	2	950.66
46	58	6	2	-4	-3	-4	985.83
46	59	6	3	0	0	-7	318.79
46	54	6	3	-2	-1	-7	620.09
46	59	6	3	2	-1	-7	-50.59
46	43	7	-8	0	1	26	291.23
46	39	7	-3	3	-3	11	-96.18
46	44	7	-2	1	-2	8	134.57
46	31	7	-2	1	1	8	160.02
46	44	7	-1	-4	-2	5	793.8
46	48	7	1	-4	-1	-1	854.33
46	59	7	5	-5	0	-13	1220.83
46	56	7	7	-5	-1	-19	1211.84
46	47	7	7	3	-3	-19	-63.37
46	36	7	8	1	0	-22	264.95
47	51	2	-9	0	0	29	310.1
47	46	2	-6	-1	0	20	390.64
47	40	2	-4	0	-3	14	242.04
47	41	2	-2	3	1	8	-149.46
47	53	2	0	-3	-3	2	712.62
47	46	2	1	0	0	-1	227.56
47	33	2	6	3	1	-16	-35.28
47	45	2	7	-5	-1	-19	954.99
47	46	3	-6	4	0	20	-293.18
47	51	3	-5	1	0	17	110.89
47	39	3	-5	-2	-2	17	480.96
47	50	3	-3	-5	-1	11	985.4
47	53	3	-3	-1	-2	11	402.13
47	41	3	-3	-1	0	11	347.44
47	41	3	5	-5	-2	-13	871.45
47	44	3	6	1	-2	-16	141.93
47	41	3	7	4	0	-19	-217.35
47	56	3	7	-3	1	-19	793.85
47	31	3	8	0	-2	-22	274.64
47	57	3	8	2	-3	-22	-30.35
47	36	4	-6	-3	-3	20	563.64
47	57	4	-2	-5	-2	8	1088.37
47	57	4	-2	0	0	8	234.68
47	51	4	-1	-1	-1	5	388.15
47	48	4	0	-2	0	2	515.39
47	54	4	0	-1	-3	2	392.1
47	51	4	1	2	1	-1	-74.94
47	47	4	2	4	-2	-4	-337.26
47	39	4	2	-2	-2	-4	468.4
47	35	4	2	-4	1	-4	647.87
47	30	4	7	1	0	-19	188.54
47	36	5	-9	-5	-1	29	814.53
47	58	5	-2	-3	-2	8	765.98
47	32	5	2	2	0	-4	36.34
47	37	5	2	-5	1	-4	795.09
47	38	5	4	3	-1	-10	-89.4
47	45	5	4	-5	0	-10	928.72
47	40	5	6	4	0	-16	-204.52
47	56	5	6	0	-2	-16	299.1
47	52	5	7	-4	1	-19	919.87
47	57	5	7	-5	-3	-19	1156.65
47	38	6	-9	0	0	29	266.84
47	31	6	-5	0	0	17	224.63
47	30	6	-5	3	-2	17	-53.46
47	38	6	-4	-5	1	14	801.96
47	37	6	-4	4	1	14	-231.04
47	42	6	-3	2	-2	11	-31.43
47	47	6	-1	-4	-3	5	787.15
47	38	6	6	2	-3	-16	55.02
47	31	6	7	-3	-3	-19	569.42
47	39	6	8	4	-3	-22	-152.38
47	46	7	-10	1	-1	32	144.1
47	39	7	-8	-4	-3	26	715.4
47	51	7	-8	0	-3	26	256.12
47	48	7	-1	4	0	5	-345.31
47	59	7	0	-4	-1	2	948.71
47	30	7	2	-4	-2	-4	588.2
47	56	7	5	4	-1	-13	-386.02
48	42	2	-10	0	-3	32	265.17
48	32	2	-6	-2	0	20	386.21
48	37	2	-5	-5	1	17	743.08
48	31	2	-3	0	-1	11	173.44
48	53	2	-1	2	-2	5	-133.73
48	58	2	0	-1	1	2	362.83
48	31	2	3	-5	0	-7	636.26
48	47	2	5	-2	0	-13	491.01
48	35	2	6	1	1	-16	106.08
48	54	3	-8	-2	0	26	566.64
48	49	3	-7	2	-2	23	-71.78
48	52	3	-7	0	0	23	226.77
48	54	3	-5	1	1	17	39.26
48	47	3	0	0	-1	2	182.63
48	59	3	0	4	1	2	-518.68
48	49	3	1	0	-1	-1	173.93
48	49	3	3	3	1	-7	-250.77
48	50	3	9	4	0	-25	-331.77
48	59	3	9	-5	-1	-25	1166.34
48	35	4	-7	-3	-1	23	520.21
48	40	4	-7	2	1	23	-35.38
48	42	4	-5	4	-3	17	-315.01
48	36	4	-4	0	1	14	175.06
48	52	4	-3	-5	-1	11	964.02
48	56	4	-3	2	1	11	-153.16
48	57	4	0	3	-2	2	-320.67
48	34	4	0	0	-2	2	175.16
48	44	4	5	3	-2	-13	-188.72
48	41	4	7	-3	-2	-19	604.43
48	45	4	9	-3	-1	-25	681.36
48	52	5	-10	-5	-3	32	1036.21
48	52	5	-5	0	-2	17	191.56
48	43	5	-5	-5	1	17	826.09
48	49	5	-1	-1	-2	5	327.69
48	41	5	0	-5	1	2	782.33
48	46	5	0	-3	-1	2	590.13
48	48	5	3	-5	-3	-7	917.17
48	58	5	6	0	1	-16	243.46
48	35	5	6	-5	0	-16	749.34
48	53	5	9	-2	0	-25	600.91
48	39	6	-8	-1	0	26	323.6
48	48	6	-6	-2	0	20	476.1
48	48	6	1	-2	-1	-1	472.06
48	56	6	4	-2	0	-10	558.33
48	42	7	-9	-1	0	29	328.58
48	47	7	-9	0	0	29	214.89
48	56	7	-8	4	0	26	-466.03
48	42	7	-7	0	1	23	195.37
48	42	7	-6	-5	-2	20	802.29
48	44	7	-3	0	0	11	168.7
49	56	2	-8	4	-2	26	-481.86
49	57	2	-3	1	0	11	-24.67
49	50	2	-2	4	-1	8	-464.87
49	58	2	-2	4	1	8	-558.05
49	35	2	2	-5	-3	-4	650.21
49	38	2	5	-5	-1	-13	716.92
49	42	2	6	3	0	-16	-215.83
49	44	2	6	1	-2	-16	29.26
49	43	2	6	1	-2	-16	32.92
49	36	3	-7	1	-3	23	52.25
49	45	3	-6	-2	-1	20	420.33
49	44	3	-1	-1	-3	5	262.62
49	44	3	1	3	0	-1	-270.87
49	54	3	3	1	-3	-7	-21.53
49	53	3	9	-5	-3	-25	1019.38
49	49	4	-9	-4	0	29	786.07
49	38	4	-6	-3	0	20	476.91
49	30	4	-4	1	1	14	30.4
49	50	4	-1	-2	-1	5	434.36
49	44	4	6	3	1	-16	-229.2
49	42	4	6	3	-1	-16	-217.73
49	42	5	-7	-4	-2	23	658.42
49	54	5	-5	4	-2	17	-508.17
49	31	5	-5	-3	-2	17	395.23
49	58	5	-5	-4	-1	17	847.8
49	31	5	-2	3	-1	8	-172.77
49	38	5	0	-1	-2	2	237.7
49	48	5	1	1	-2	-1	-22.52
49	43	5	2	2	-2	-4	-126.06
49	48	5	7	-5	-1	-19	926.05
49	57	5	9	2	-1	-25	-107.2
49	56	6	-9	-1	-3	29	355.11
49	39	6	-6	-2	-2	20	361.18
49	40	6	-6	2	-2	20	-103.13
49	49	6	-5	4	0	17	-444.15
49	37	6	-1	-3	0	5	448.4
49	57	6	1	-5	-2	-1	996.53
49	46	6	2	-3	1	-4	543.32
49	51	6	3	2	1	-7	-151.93
49	50	6	7	-5	0	-19	946.13
49	48	6	8	-5	-2	-22	934.59
49	33	6	8	-1	-2	-22	299.69
49	30	7	-10	2	-3	32	-22.93
49	54	7	-5	1	-1	17	-22.74
50	32	2	-9	3	1	29	-145.01
50	46	2	-9	0	-3	29	144.97
50	49	2	-6	-4	-3	20	701.28
50	58	2	1	-2	-1	-1	437.84
50	53	2	3	2	0	-7	-226.34
50	52	2	3	-1	1	-7	240.53
50	59	2	5	-1	1	-13	291.07
50	39	2	7	1	-3	-19	4.94
50	35	3	0	-4	1	2	488.18
50	59	3	0	-5	-1	2	972.2
50	42	3	7	0	-3	-19	127.93
50	38	4	-4	2	-1	14	-158.45
50	57	4	-4	-2	-2	14	439.86
50	57	4	0	-2	1	2	430.38
50	51	5	-1	0	-2	5	81.66
50	36	5	1	-4	1	-1	505.19
50	54	5	3	0	-3	-7	102.52
50	36	5	4	0	1	-10	94.8
50	56	5	5	0	-2	-13	121.59
50	57	6	-10	-2	-1	32	488.73
50	54	6	-9	-3	1	29	617.34
50	30	6	-9	-3	-1	29	376.33
50	53	6	-8	0	-1	26	120.17
50	38	6	-6	4	-1	20	-374.1
50	48	6	-1	-2	-1	5	365.26
50	45	6	0	2	0	2	-191.27
50	46	6	2	1	0	-4	-50.95
50	32	6	3	-5	1	-7	562.16
50	45	6	5	2	-1	-13	-155.12
50	44	6	6	3	-1	-16	-267.13
50	45	7	-6	-2	-3	20	354.76
50	43	7	-6	-5	0	20	724.44
50	33	7	-1	-3	-1	5	350.43
50	31	7	7	1	0	-19	43.9
50	55	7	9	-3	-1	-25	702.94
51	30	2	-7	-2	1	23	244.5
51	59	2	-6	2	1	20	-275.39
51	44	2	-5	2	1	17	-207.66
51	44	2	-4	-1	1	14	171.07
51	43	2	-4	-2	1	14	303.59
51	59	2	-3	-3	-1	11	586.89
51	49	2	4	-5	-2	-10	785.87
51	49	3	-10	4	1	32	-456.91
51	32	3	-6	3	-3	20	-249.45
51	37	3	-6	-5	-3	20	612.54
51	44	3	-3	-1	1	11	169.8
51	46	3	0	4	-1	2	-516.64
51	36	3	0	-5	0	2	560.86
51	34	3	3	0	-2	-7	40.36
51	38	3	4	-1	-3	-10	154.29
51	52	4	-10	-3	-3	32	599.47
51	55	4	-5	-3	-1	17	551.13
51	57	4	-4	0	-2	14	52.15
51	57	4	-4	3	-2	14	-460.5
51	38	4	-2	4	0	8	-421.72
51	57	4	-1	-2	-3	5	388.12
51	51	4	1	-2	-3	-1	349.79
51	33	4	6	0	-1	-16	65.26
51	49	4	9	-2	-1	-25	418.32
51	59	5	-8	3	-1	26	-432.95
51	46	5	-5	4	1	17	-498.98
51	56	5	-2	4	1	8	-629.42
51	39	5	-1	4	-1	5	-439
51	36	5	6	-2	-1	-16	285.94
51	40	5	6	2	1	-16	-161.42
51	41	6	-8	0	-3	26	57.34
51	38	6	-4	-2	-1	14	249.49
51	32	6	0	-5	-2	2	497.71
51	56	6	6	1	-3	-16	-68.94
51	37	6	6	-4	-3	-16	522.16
51	51	6	6	3	1	-16	-356.91
51	37	7	-10	-2	-1	32	299.04
51	41	7	-8	-4	-2	26	543.98
51	37	7	-5	0	0	17	22.32
51	52	7	0	4	0	2	-586.24
51	32	7	3	4	-3	-7	-343.27
51	32	7	3	-3	-3	-7	329.74
51	48	7	5	4	-2	-13	-496.3
51	37	7	6	2	-3	-16	-133.41
51	40	7	9	-1	-1	-25	280.19
52	40	2	-10	4	-2	32	-386.28
52	37	2	-8	-1	0	26	161.73
52	42	2	-7	-2	0	23	296.7
52	40	2	-6	4	-2	20	-450.53
52	42	2	-5	1	-1	17	-112.32
52	41	2	-5	-4	-1	17	506.25
52	55	2	-4	-2	1	14	347.7
52	54	2	-3	-1	-1	11	173.98
52	57	2	-1	-5	-3	5	856.2
52	42	2	1	2	-3	-1	-251.18
52	54	2	2	-1	0	-4	168.9
52	45	2	2	0	1	-4	-1.86
52	58	2	8	3	0	-22	-445.77
52	52	3	-10	-3	1	32	567.43
52	53	3	-9	-1	0	29	240.49
52	52	3	-6	-2	0	20	352.61
52	36	3	-5	2	-3	17	-205.16
52	36	3	-1	-4	0	5	416.49
52	52	3	0	-2	-2	2	316.27
52	47	3	4	-3	1	-10	438.59
52	33	3	6	1	1	-16	-85.54
52	40	3	7	-5	-2	-19	648.25
52	32	3	8	-1	-3	-22	153.74
52	51	4	-7	1	-3	23	-105.61
52	51	4	-2	-4	-2	8	611.5
52	49	4	0	-4	-3	2	601.15
52	43	4	1	4	-2	-1	-521.03
52	57	5	-3	2	1	11	-326.09
52	30	5	-1	-2	0	5	156.57
52	51	5	4	2	1	-10	-275.57
52	54	5	7	4	-1	-19	-579.38
52	53	5	7	-2	-1	-19	392.64
52	56	6	-7	-4	-3	23	698.78
52	49	6	-4	-5	1	14	740.78
52	38	6	-4	3	-2	14	-343.22
52	52	6	-3	0	-3	11	2.02
52	35	6	0	4	-2	2	-433.96
52	38	6	1	-4	-3	-1	452.58
52	39	6	4	2	-3	-10	-210.03
52	35	6	6	-5	0	-16	572.07
52	32	6	9	-4	-3	-25	478.97
52	35	7	-1	3	-1	5	-336.61
52	48	7	3	2	-2	-7	-279.88
52	33	7	3	3	-2	-7	-292.17
53	57	2	-10	1	-3	32	-82.67
53	59	2	-10	-1	-3	32	260.86
53	41	2	-8	0	-1	26	38.35
53	50	2	-5	-3	0	17	455.65
53	31	2	0	0	1	2	-39.55
53	33	2	3	2	-3	-7	-215.08
53	32	2	5	3	-1	-13	-295.68
53	35	2	5	-3	-1	-13	308.56
53	50	2	5	-2	-2	-13	309.31
53	37	2	7	-4	-3	-19	462.58
53	39	2	9	0	0	-25	53.24
53	36	2	9	1	1	-25	-59.77
53	52	2	9	-3	0	-25	531.41
53	33	3	-9	1	-2	29	-58.84
53	40	3	-9	-4	0	29	528.53
53	44	3	-1	0	-2	5	-29.66
53	53	3	-1	2	1	5	-331.18
53	46	3	-1	3	0	5	-430.4
53	37	3	0	2	-3	2	-259.15
53	49	3	1	-2	-3	-1	274.56
53	58	3	4	-5	-2	-10	885.94
53	47	3	4	2	0	-10	-280.61
53	51	3	5	1	1	-13	-138.83
53	35	3	7	4	-2	-19	-397.38
53	48	3	9	-5	-2	-25	784.63
53	42	4	-9	2	1	29	-211.24
53	30	4	-5	4	1	17	-384.04
53	50	4	-2	1	-2	8	-164.1
53	45	4	-2	4	0	8	-559.43
53	53	4	-1	-5	0	5	782.12
53	48	4	1	0	1	-1	-19.35
53	57	4	2	-4	-1	-4	682.62
53	30	4	5	0	0	-13	0
53	45	4	8	-4	-2	-22	594.99
53	42	4	9	2	-3	-25	-189.01
53	55	5	-8	2	-1	26	-309.47
53	47	5	-5	2	-3	17	-286.13
53	57	5	-5	2	-1	17	-336.39
53	35	5	-2	-3	-1	8	279.92
53	58	5	2	-1	1	-4	167.03
53	46	5	3	-3	-3	-7	413.09
53	44	5	5	2	-1	-13	-251.85
53	36	5	9	-4	-3	-25	507.9
53	31	5	9	0	-2	-25	71.77
53	45	6	-10	-5	-3	32	716.71
53	39	6	-5	1	-2	17	-145.68
53	51	6	-4	-1	-2	14	141.44
53	30	6	-2	-1	-2	8	49.49
53	35	6	-1	-4	-1	5	383.85
53	51	6	2	-5	-3	-4	763.2
53	40	6	3	-5	-2	-7	594.98
53	48	6	4	2	-2	-10	-271.6
53	58	6	5	-4	1	-13	736.55
53	57	6	5	-5	-2	-13	898.72
53	54	6	6	-3	1	-16	530.37
53	53	6	9	-3	-3	-25	577.76
53	52	6	9	3	-2	-25	-372.99
53	57	7	-10	0	-2	32	53.61
53	53	7	-9	0	1	29	19.25
53	44	7	-9	-5	-2	29	675.53
53	54	7	-7	0	1	23	7.84
53	42	7	-7	4	-1	23	-516.23
53	42	7	-4	0	-1	14	-37.08
53	48	7	-1	2	-1	5	-309.76
53	38	7	5	2	1	-13	-215.57
53	40	7	8	0	-2	-22	74.33
53	48	7	8	1	1	-22	-54.83
54	30	2	-9	-4	-1	29	385.35
54	58	2	-2	2	-2	8	-358.54
54	43	2	2	1	-2	-4	-164.1
54	40	2	4	2	-2	-10	-262.21
54	45	2	7	-5	-3	-19	697.48
54	57	2	8	2	-2	-22	-289.1
54	45	3	-4	-4	1	14	526.89
54	47	3	9	2	-1	-25	-216.77
54	59	4	-2	2	-3	8	-372.8
54	58	4	-1	3	-1	5	-539.39
54	44	4	0	1	-1	2	-162.79
54	48	4	2	1	-2	-4	-164.5
54	35	5	-8	4	-3	26	-414.56
54	59	5	-7	3	0	23	-514.24
54	53	5	-7	-3	0	23	483.39
54	33	5	-7	-2	-1	23	173.61
54	41	5	-2	-4	-3	8	454.71
54	41	5	0	3	-1	2	-401.01
54	49	5	2	-2	-3	-4	274.88
54	55	5	6	-2	-3	-16	369.61
54	45	5	9	-3	1	-25	482.93
54	41	6	-10	2	-1	32	-229.23
54	41	6	-9	4	-1	29	-480.64
54	51	6	-8	-3	-3	26	468.75
54	43	6	-2	3	1	8	-419.96
54	59	6	1	1	1	-1	-182.04
54	48	6	4	2	0	-10	-282.84
54	56	6	7	4	-1	-19	-617.62
54	45	7	-9	-4	-3	29	544.93
54	59	7	-6	-3	0	20	523.92
54	56	7	-4	-2	1	14	320.79
54	47	7	-4	0	-2	14	-36.9
54	45	7	-3	-3	-3	11	362.99
54	48	7	-2	0	0	8	-30.31
54	47	7	-1	3	-3	5	-456.26
54	54	7	4	-4	1	-10	663.83
55	44	2	-9	3	-3	29	-346.27
55	45	2	-6	1	-3	20	-123.88
55	52	2	-5	0	-1	17	3.73
55	31	2	-3	-4	-1	11	340.33
55	32	2	-3	3	-1	11	-323.07
55	31	2	-2	1	-1	8	-136.03
55	59	2	1	2	-2	-1	-358.75
55	35	2	5	-2	1	-13	197.55
55	36	3	-5	-4	0	17	415.61
55	42	3	-4	-4	-2	14	487.25
55	36	3	-2	2	1	8	-243.57
55	40	3	-1	-3	-1	5	324.58
55	56	3	0	-3	-2	2	489.49
55	31	3	1	4	1	-1	-420.27
55	36	3	2	1	1	-4	-141.73
55	44	3	5	-1	0	-13	141.69
55	58	4	-7	3	-2	23	-498.74
55	49	4	-4	-3	-3	14	431.77
55	43	4	0	2	0	2	-289.82
55	43	4	1	4	-2	-1	-549.1
55	50	4	2	3	1	-4	-460.95
55	57	4	9	4	1	-25	-598.99
55	56	5	-8	-2	-2	26	360.32
55	37	5	-8	-1	-3	26	128.75
55	47	5	-4	1	-1	14	-166.2
55	33	5	-1	3	-1	5	-338.81
55	34	5	3	-1	1	-7	79.88
55	45	5	3	0	-2	-7	-15.96
55	47	5	4	4	-3	-10	-568.52
55	37	5	9	-3	-3	-25	407.5
55	34	6	-8	3	-3	26	-305.36
55	42	6	1	0	-1	-1	-24.03
55	45	6	6	-5	1	-16	709.71
55	45	6	7	-3	-2	-19	452.93
55	39	6	9	-1	-2	-25	189.59
55	53	7	-5	-3	0	17	460.69
55	52	7	-2	-1	0	8	137.05
55	53	7	-2	-3	-2	8	460.33
55	44	7	-1	-5	-3	5	629.51
55	40	7	0	-5	-2	2	570.9
55	46	7	2	-1	-2	-4	132.46
55	49	7	7	2	0	-19	-237.23
55	51	7	7	4	-3	-19	-559.67
55	43	7	8	-4	0	-22	585.89
55	50	7	9	0	1	-25	108.86
55	58	7	9	-2	-3	-25	465.87
56	30	2	-8	3	-1	26	-232.72
56	37	2	-4	-3	1	14	324.74
56	56	2	4	2	-1	-10	-300.53
56	44	2	7	0	1	-19	49.59
56	45	2	7	-4	-3	-19	593.66
56	59	2	8	-3	1	-22	604.76
56	37	3	-10	4	1	32	-371.37
56	34	3	-6	-4	-2	20	420.65
56	30	3	-5	1	-1	17	-95.23
56	57	3	-5	-2	0	17	369.94
56	43	3	-4	-2	1	14	253.13
56	30	3	-2	0	-1	8	-25.8
56	59	3	4	-5	-2	-10	912.72
56	46	3	7	1	-2	-19	-83.62
56	59	3	8	-3	-2	-22	618.58
56	51	4	-7	-1	-3	23	188.39
56	42	4	-2	-5	0	8	620.16
56	53	4	2	4	-3	-4	-631.55
56	32	4	2	-4	0	-4	380.71
56	59	4	5	0	-1	-13	45.33
56	45	4	5	2	1	-13	-239.8
56	33	4	8	-5	1	-22	555.58
56	40	5	-10	3	0	32	-295.58
56	35	5	-9	4	-2	29	-384.15
56	40	5	-3	3	0	11	-363.51
56	43	5	1	-3	1	-1	384.72
56	32	5	4	-5	-1	-10	489.05
56	34	5	5	3	-3	-13	-267.35
56	37	5	6	4	0	-16	-409.43
56	36	5	8	3	1	-22	-257.27
56	34	6	-8	1	-1	26	-81.22
56	37	6	-7	-1	-1	23	124.36
56	49	6	-5	-1	-2	17	159.01
56	44	6	-3	1	1	11	-132.04
56	58	6	-1	-2	-2	5	354.71
56	45	6	0	-2	-1	2	260.45
56	32	6	0	-4	1	2	366.76
56	40	6	3	1	0	-7	-103.08
56	51	6	8	3	0	-22	-360.11
56	32	6	9	-2	-3	-25	288.9
56	32	7	-9	3	0	29	-270.49
56	51	7	-7	-4	-2	23	621.69
56	48	7	-7	-5	0	23	734
56	31	7	-1	-2	-1	5	162.13
56	44	7	6	2	-2	-16	-197
57	47	2	-6	2	0	20	-215.48
57	47	2	-2	-2	1	8	312.68
57	47	2	2	-2	-2	-4	318.47
57	36	2	4	3	-3	-10	-285.97
57	32	2	9	-3	-3	-25	383.48
57	54	3	-4	2	0	14	-269.65
57	47	3	-1	-3	-1	5	444.66
57	32	3	-1	0	1	5	17.12
57	55	3	3	2	1	-7	-278.29
57	59	3	8	2	-3	-22	-236.67
57	50	3	9	4	1	-25	-474.26
57	38	4	-10	-3	0	32	452.41
57	42	4	-9	4	-2	29	-413.88
57	44	4	-9	-1	0	29	224.49
57	31	4	-7	1	0	23	-52.85
57	45	4	-5	-5	-3	17	720.66
57	41	4	-5	-1	0	17	168.55
57	35	4	0	-2	-3	2	229.73
57	58	4	2	-5	1	-4	914.14
57	43	4	7	-2	-1	-19	342.43
57	37	4	8	0	1	-22	89.54
57	46	5	-10	-3	-1	32	517.68
57	51	5	-8	0	0	26	77.03
57	48	5	-8	-5	1	26	797.03
57	56	5	-7	-4	-3	23	734.71
57	43	5	-4	1	-1	14	-107.73
57	42	5	-3	-2	0	11	279.52
57	46	5	-1	4	-2	5	-522.87
57	51	5	4	3	-3	-10	-406.7
57	36	5	6	1	-2	-16	-40.82
57	30	6	-9	2	-1	29	-122.27
57	54	6	-9	1	0	29	-81.47
57	35	6	-7	0	-2	23	45.64
57	54	6	-5	2	0	17	-283.23
57	56	6	-3	-3	-1	11	544.94
57	52	6	1	3	-1	-1	-429.55
57	50	6	1	-1	1	-1	174.1
57	55	6	8	3	0	-22	-370.09
57	55	6	8	-4	-1	-22	789.03
57	55	7	-6	4	1	20	-614.9
57	51	7	-5	-3	1	17	487.81
57	37	7	-5	1	-3	17	-88.66
57	39	7	-2	-3	1	8	347.41
57	40	7	0	-3	0	2	386.46
57	43	7	5	-4	-1	-13	588.05
57	47	7	6	1	1	-16	-43.59
57	53	7	8	-2	-1	-22	454.5
57	40	7	9	-2	-3	-25	388.18
58	38	2	-5	3	0	17	-261.98
58	56	2	-3	-5	0	11	932.35
58	47	2	-1	-4	-1	5	631.69
58	30	2	6	2	-1	-16	-92.96
58	31	2	6	-2	0	-16	283.92
58	54	3	-5	-1	0	17	253.23
58	39	3	-3	3	-3	11	-284.91
58	34	3	-3	-3	-3	11	370.16
58	33	3	-1	4	-1	5	-344.35
58	38	3	4	-1	-3	-10	204.9
58	33	3	5	4	-3	-13	-320.19
58	49	3	6	3	-2	-16	-322.35
58	41	3	8	2	-1	-22	-104
58	55	4	-9	-4	0	29	810.3
58	53	4	-8	1	-1	26	-21.83
58	47	4	-7	1	-3	23	-31.92
58	38	4	-6	2	-1	20	-145.72
58	55	4	-1	-3	-1	5	574.26
58	50	4	0	-3	-2	2	521.11
58	51	4	1	3	-3	-1	-375.11
58	43	4	3	3	-2	-7	-309.74
58	43	4	4	4	-3	-10	-429.72
58	58	4	5	-5	1	-13	985.45
58	39	4	8	4	-2	-22	-320.53
58	33	5	-4	1	-2	14	-36.2
58	58	5	-3	-1	-2	11	261.31
58	38	5	0	-2	-3	2	287.92
58	58	5	4	2	-3	-10	-236.57
58	45	6	-8	-4	0	26	642.1
58	33	6	-5	3	1	17	-232.92
58	46	6	-1	3	-2	5	-342.67
58	46	6	-1	-3	-2	5	481.33
58	39	6	-1	-5	-3	5	655.6
58	38	6	2	-5	1	-4	647.36
58	43	7	-10	4	-2	32	-397.2
58	41	7	-8	-4	-3	26	578.99
58	42	7	-7	-4	0	23	576.91
58	41	7	-7	-5	-2	23	703.01
58	32	7	-3	-4	0	11	436.26
58	33	7	2	3	-3	-4	-229.99
58	46	7	7	3	1	-19	-264.16
58	55	7	9	-1	0	-25	381.28
59	30	2	-6	-5	-3	20	583.92
59	46	2	-2	1	0	8	-17.86
59	53	2	0	-4	-3	2	767.96
59	54	2	4	2	-3	-10	-173.3
59	31	2	4	2	-1	-10	-67.66
59	50	2	7	3	-2	-19	-272.62
59	39	3	-8	-3	0	26	523.72
59	41	3	7	1	-2	-19	46.93
59	48	4	-10	-1	0	32	355.14
59	35	4	-7	-1	0	23	248.42
59	32	4	-6	0	-1	20	128.81
59	32	4	-1	-5	-1	5	571.37
59	33	4	0	2	-3	2	-83.07
59	37	4	1	3	0	-1	-223.64
59	30	4	5	-3	-1	-13	412.1
59	56	4	8	-5	0	-22	1041.52
59	35	5	-10	4	-1	32	-243.25
59	42	5	-9	-4	1	29	680.46
59	42	5	-9	2	-1	29	-68.59
59	37	5	-8	3	-3	26	-184.06
59	34	5	5	-4	0	-13	554.53
59	40	5	5	4	-3	-13	-333.4
59	46	5	8	-4	-3	-22	749.81
59	58	6	-10	-4	1	32	895.88
59	55	6	-10	1	-2	32	36.67
59	33	6	-10	-2	-1	32	374.43
59	52	6	-9	4	0	29	-436.56
59	56	6	-6	2	-2	20	-185.48
59	42	6	-5	-4	-1	17	622.22
59	53	6	6	0	0	-16	184.97
59	30	6	7	1	-3	-19	77.01
59	39	7	-8	-2	-2	26	374.5
59	48	7	-7	-4	-3	23	720.48
59	47	7	-7	0	-1	23	145.44
59	51	7	-3	1	0	11	-33.97
59	57	7	-3	-4	1	11	807.32
59	55	7	-1	4	1	5	-534.54
59	42	7	3	-4	-1	-7	653.46
59	43	7	6	3	0	-16	-202.59
59	31	7	7	-1	-3	-19	271.22
